5
5
5
5
5
5
5
5
5
5
5
5
5
6
6
6
6
6
6
6
6
6
6
7
7
7
7
7
7
7
7
7
7
7
7
7
7
7
7
7
7
7
7
7
7
7
7
8
8
8
8
8
8
8
8
8
8
8
8
8
8
8
8
8
8
8
8
9
9
9
9
9
9
9
9
9
9
9
9
9
9
9
9
9
9
9
9
9
9
9
9
9
9
9
9
10
10
10
10
10
10
10
10
10
10
10
10
10
10
10
10
10
10
10
10
10
10
10
11
11
11
11
11
11
11
11
11
11
11
11
11
11
11
11
11
12
12
12
12
12
12
12
12
12
12
12
12
12
12
12
12
12
12
12
12
12
12
12
12
12
13
13
13
13
13
13
13
13
13
13
13
13
13
13
13
13
13
14
14
14
14
14
14
14
14
14
14
14
14
14
15
15
15
15
15
15
15
15
15
15
15
15
15
15
15
15
15
15
15
15
15
15
15
15
15
15
15
15
15
15
15
15
15
15
15
15
15
15
15
15
15
15
15
16
16
16
16
16
16
16
16
16
16
16
16
16
16
16
16
16
16
16
16
17
17
17
17
17
17
17
17
17
17
17
17
17
17
17
17
17
17
17
17
18
18
18
18
18
18
18
18
19
19
19
19
19
19
19
19
19
19
19
19
19
20
20
20
20
20
20
20
20
20
20
20
20
20
20
21
21
21
21
21
21
21
21
21
21
21
22
22
22
22
22
22
22
22
22
22
22
22
22
22
23
23
23
23
23
23
23
23
24
24
24
24
24
24
24
24
24
24
24
24
24
25
25
25
25
25
25
25
25
25
25
26
26
26
26
26
27
27
27
27
28
28
28
28
28
28
28
28
28
28
28
28
28
29
29
29
29
29
30
30
30
30
30
30
30
30
30
31
31
31
31
32
32
32
32
32
32
32
32
32
32
32
33
33
33
33
34
34
34
34
34
34
34
34
34
34
35
35
35
35
35
35
35
36
36
37
37
37
37
37
37
37
38
38
38
38
38
39
39
39
39
39
39
39
40
40
40
40
41
41
41
41
41
41
42
42
42
42
43
43
43
43
44
44
44
44
44
44
45
45
45
45
46
46
46
46
46
46
46
46
47
47
47
47
47
48
48
48
49
49
50
50
50
51
51
51
52
52
52
52
53
54
54
54
54
55
56
57
57
57
57
57
57
58
58
58
58
59
59
63
63
64
64
64
64
65
65
65
65
65
66
67
67
69
69
70
70
70
71
73
74
76
76
77
77
77
77
77
77
78
78
81
81
82
83
84
85
87
88
89
89
89
91
93
94
96
97
99
100
100
100
101
102
106
106
107
110
111
112
112
114
116
117
117
120
121
123
123
126
130
135
136
144
147
149
152
152
153
154
155
155
156
156
169
171
171
173
174
175
175
181
190
203
210
213
219
226
227
230
239
254
254
260
261
275
275
281
281
298
312
319
322
324
330
330
347
357
360
406
406
412
414
419
423
423
444
459
470
485
485
504
595
595
606
622
622
629
629
657
683
683
734
734
873
873
988
988
1029
1042
1042
1058
1074
1250
1250
1713
1713
1731
1731
3319
3319
3331
3331
4040
4040
4369
4369
5099
5099
5996
5996
6398
6398
6524
6524
8481
8481
9982
9982
12372
12372
14343
14343
24573
24573
34091
34091
66474
66474
92200
92200